4294967279,556
4294967278,358
4294967279,555
4294967278,357
4294967279,554
30,7
30,6
30,5
4294967278,356
4294967278,355
4294967279,553
4294967279,552
4294967279,551
4294967278,354
4294967279,550
4294967278,353
4294967279,549
4294967278,352
30,4
30,3
30,2
30,1
4294967294,436
29,6
4294967278,351
29,5
29,4
29,3
29,2
29,1
4294967279,548
28,5
28,4
28,3
28,2
28,1
4294967278,350
4294967278,349
4294967278,348
27,5
27,4
27,3
27,2
27,1
26,5
26,4
26,3
26,2
26,1
25,4
25,3
25,2
25,1
24,4
24,3
24,2
24,1
4294967279,547
4294967294,1418
4294967294,1417
4294967294,474
4294967279,546
23,6
23,5
4294967278,347
4294967278,346
23,4
23,3
23,2
23,1
4294967279,545
22,5
4294967279,544
22,4
22,3
22,2
22,1
4294967278,345
4294967279,543
4294967278,344
4294967279,542
4294967279,541
4294967278,343
4294967279,540
4294967279,539
4294967278,342
4294967279,538
21,5
4294967278,341
4294967279,537
21,4
4294967279,536
21,3
21,2
21,1
4294967279,535
4294967278,340
4294967294,473
4294967279,534
4294967279,533
20,5
20,4
20,3
20,2
20,1
4294967278,339
19,4
19,3
19,2
19,1
18,4
4294967279,532
18,3
18,2
18,1
4294967279,531
4294967294,472
4294967278,338
4294967279,530
4294967278,337
4294967279,529
4294967279,528
17,6
4294967279,527
4294967278,336
4294967278,335
17,5
17,4
17,3
17,2
17,1
4294967279,526
4294967278,334
4294967279,525
4294967279,524
16,5
16,4
16,3
16,2
16,1
4294967278,333
4294967279,523
4294967278,332
4294967279,522
4294967278,331
4294967278,330
15,5
15,4
15,3
15,2
15,1
4294967279,521
4294967278,329
4294967279,520
4294967279,519
14,5
14,4
14,3
14,2
14,1
4294967278,328
4294967278,327
4294967278,326
4294967279,518
13,4
13,3
13,2
13,1
4294967279,517
4294967278,325
4294967279,516
4294967278,324
4294967279,515
4294967279,514
12,6
4294967279,513
4294967278,323
12,5
12,4
12,3
12,2
12,1
4294967279,512
4294967279,319
4294967279,318
11,5
11,4
11,3
11,2
11,1
4294967278,322
10,5
10,4
10,3
10,2
10,1
9,5
9,4
9,3
9,2
9,1
8,4
8,3
8,2
8,1
4294967279,317
4294967278,321
4294967279,316
4294967279,300
4294967293,131
4294967293,130
4294967293,129
4294967293,128
4294967293,127
4294967293,126
4294967293,125
4294967293,124
4294967293,123
4294967293,122
4294967293,121
4294967293,120
4294967293,119
4294967293,118
4294967293,117
4294967293,116
4294967293,115
4294967293,114
4294967293,113
4294967293,112
4294967293,111
4294967293,110
4294967293,109
4294967293,108
4294967293,107
4294967293,106
4294967293,105
4294967293,104
4294967293,103
4294967293,102
4294967293,101
4294967293,100
4294967293,99
4294967293,98
4294967293,97
4294967293,96
4294967293,95
4294967293,94
4294967293,93
4294967293,92
4294967293,91
4294967293,90
4294967293,89
4294967293,88
4294967293,87
4294967293,86
4294967293,85
4294967293,84
4294967293,83
4294967293,82
4294967293,81
4294967293,80
4294967293,79
4294967293,78
4294967293,77
4294967293,76
4294967293,75
4294967293,74
4294967293,73
4294967293,72
4294967293,71
4294967293,70
4294967293,69
4294967293,68
4294967293,67
4294967293,66
4294967293,65
4294967293,64
4294967293,63
4294967293,62
4294967293,61
4294967293,60
4294967293,59
4294967293,58
4294967293,57
4294967293,56
4294967293,55
4294967293,54
4294967293,53
4294967293,52
4294967293,51
4294967293,50
4294967293,49
4294967293,48
4294967293,47
4294967293,46
4294967293,45
4294967293,44
4294967293,43
4294967293,42
4294967293,41
4294967293,40
4294967293,39
4294967293,38
4294967293,37
4294967293,36
4294967293,35
4294967293,34
4294967293,33
4294967293,32
4294967293,31
4294967293,30
4294967293,29
4294967293,28
4294967293,27
4294967293,26
4294967293,25
4294967293,24
4294967293,23
4294967293,22
4294967293,21
4294967293,20
4294967293,19
4294967293,18
4294967293,17
4294967293,16
4294967293,15
4294967293,14
4294967293,13
4294967293,12
4294967293,11
4294967293,10
4294967293,9
4294967293,8
4294967293,7
4294967293,6
4294967293,5
4294967293,4
